1
2
1
3
5
5
5
4
4
1
1
9
2
8
3
3
13
4
4
6
9
9
21
15
12
5
16
2
27
21
16
25
14
31
29
12
24
15
21
40
11
26
5
33
5
23
32
39
31
6
51
13
7
39
33
38
22
46
45
26
24
29
39
7
23
48
7
7
18
43
4
59
23
54
28
20
43
52
79
14
10
4
76
49
66
68
66
26
62
13
91
24
43
41
45
13
28
87
31
76
72
52
93
13
89
14
41
87
70
12
29
2
47
60
47
91
68
43
64
64
23
8
119
64
47
49
33
9
17
85
8
126
25
73
117
70
92
98
103
30
123
28
66
81
5
105
105
106
143
15
79
63
18
129
106
46
76
145
105
66
42
101
71
22
37
163
135
163
133
43
144
158
143
96
95
43
140
90
166
175
121
58
158
91
59
36
95
51
142
78
4
30
35
192
166
21
135
41
42
23
171
169
158
170
36
151
96
179
200
64
77
113
50
143
31
34
101
95
78
60
86
122
83
158
214
4
20
61
28
132
79
151
62
174
50
201
165
232
140
35
160
227
161
165
47
126
146
64
61
6
196
110
69
174
255
210
52
220
218
187
156
202
166
186
70
136
194
73
141
235
76
224
182
65
274
86
42
276
185
239
23
19
27
163
285
173
119
246
204
10
104
94
87
234
168
253
126
89
14
3
197
102
271
166
48
113
11
138
60
30
18
185
106
206
283
103
166
185
115
144
229
147
8
20
70
313
184
4
283
188
115
212
130
78
323
22
95
255
269
86
239
185
21
92
67
142
202
111
263
205
82
266
257
277
220
245
327
196
329
65
340
304
219
271
104
331
217
332
191
333
92
1
99
324
203
376
12
33
80
87
360
264
276
184
11
110
336
139
151
63
318
245
222
82
119
29
11
38
240
397
395
386
30
192
207
181
116
402
378
74
129
393
348
173
193
358
339
76
161
193
211
318
334
59
197
325
121
408
363
360
122
184
53
13
174
124
3
280
187
249
131
51
144
161
7
209
213
80
46
204
390
8
428
131
235
285
415
227
23
317
151
142
206
103
427
305
146
282
266
376
250
416
439
219
172
241
111
254
73
228
353
256
254
127
216
192
348
100
20
354
21
274
253
101
245
480
303
42
229
27
